21
Philodendron_bipinnatifidum 0.0000000 0.3712569 0.6534778 0.4585719 0.5960261 0.6362832 0.2677544 0.3328013 0.5556310 0.1712139 0.4248440 0.4389533 0.4273763 0.3816657 0.4242619 0.3980755 0.4043980 0.4317314 0.3776868 0.9818643 1.1359192 
Lysichiton_camtschatcensis  0.3712569 0.0000000 0.0498236 0.2441282 0.4069930 0.4137734 0.2828783 0.3720918 0.3774286 0.1227923 0.3484158 0.3599911 0.3440194 0.3259808 0.3622898 0.3458110 0.3724180 0.3838043 0.3722954 0.9009992 1.0215081 
Symplocarpus__renifolius    0.6534778 0.0498236 0.0000000 0.4107911 0.6881033 0.7162793 0.3319596 0.4193604 0.7213504 0.1556785 0.5046217 0.5035496 0.5552289 0.4761690 0.5043186 0.4872338 0.5690049 0.6097275 0.5055981 0.9160508 1.0738113 
Amorphophallus_titanum      0.4585719 0.2441282 0.4107911 0.0000000 0.4840807 0.4988685 0.1939268 0.2082133 0.5060860 0.1046115 0.1900702 0.1903870 0.2792970 0.2091959 0.1996788 0.2027686 0.3902729 0.3137805 0.2408468 0.9760576 1.0584023 
S_guttatum                  0.5960261 0.4069930 0.6881033 0.4840807 0.0000000 0.0629853 0.0727272 0.0710901 0.1742907 0.1680402 0.1998839 0.1999338 0.1492779 0.1240985 0.1438827 0.1373597 0.1242508 0.1178853 0.0946750 1.0749541 1.2125126 
S___guttatum                0.6362832 0.4137734 0.7162793 0.4988685 0.0629853 0.0000000 0.0768070 0.0773909 0.2545472 0.1616420 0.2024403 0.2024848 0.1529730 0.1244484 0.1460804 0.1377226 0.1255331 0.1244235 0.1014988 1.0537372 1.2027305 
Typhonium_wilbertii         0.2677544 0.2828783 0.3319596 0.1939268 0.0727272 0.0768070 0.0000000 0.0067089 0.0674429 0.1364470 0.1739219 0.1763713 0.0867718 0.0890329 0.1191615 0.1034698 0.0607239 0.0577249 0.0639662 0.9290860 1.0701652 
Typhonium__angustilobum     0.3328013 0.3720918 0.4193604 0.2082133 0.0710901 0.0773909 0.0067089 0.0000000 0.0623618 0.1416877 0.1699207 0.1839955 0.0780300 0.0774226 0.1128515 0.0951959 0.0535090 0.0563528 0.0552640 0.9327827 1.0492805 
Dracunculus__vulgaris       0.5556310 0.3774286 0.7213504 0.5060860 0.1742907 0.2545472 0.0674429 0.0623618 0.0000000 0.1588171 0.1653972 0.1689695 0.1120220 0.0924869 0.1095316 0.1007091 0.0852422 0.0802109 0.0574179 1.0289784 1.2061721 
Typhonium_wilber            0.1712139 0.1227923 0.1556785 0.1046115 0.1680402 0.1616420 0.1364470 0.1416877 0.1588171 0.0000000 0.0321388 0.0304693 0.0951300 0.0827580 0.0700376 0.0748472 0.1583851 0.1557341 0.1554098 0.8651145 1.0268808 
Arum_maculatum1             0.4248440 0.3484158 0.5046217 0.1900702 0.1998839 0.2024403 0.1739219 0.1699207 0.1653972 0.0321388 0.0000000 0.0044320 0.0630928 0.0486249 0.0362674 0.0386604 0.1481174 0.1079024 0.0972960 0.9069447 1.0725238 
Arum_maculatum6             0.4389533 0.3599911 0.5035496 0.1903870 0.1999338 0.2024848 0.1763713 0.1839955 0.1689695 0.0304693 0.0044320 0.0000000 0.0664701 0.0561346 0.0382202 0.0456992 0.1620473 0.1113838 0.1070787 0.8998515 1.0725238 
Arum__concinnatum           0.4273763 0.3440194 0.5552289 0.2792970 0.1492779 0.1529730 0.0867718 0.0780300 0.1120220 0.0951300 0.0630928 0.0664701 0.0000000 0.0118662 0.0249502 0.0198814 0.1006064 0.0329862 0.0340282 0.9370236 1.1346010 
Arum_maculatum4             0.3816657 0.3259808 0.4761690 0.2091959 0.1240985 0.1244484 0.0890329 0.0774226 0.0924869 0.0827580 0.0486249 0.0561346 0.0118662 0.0000000 0.0188262 0.0109605 0.0680871 0.0431125 0.0329849 0.9675078 1.1374735 
Arum_maculatum7             0.4242619 0.3622898 0.5043186 0.1996788 0.1438827 0.1460804 0.1191615 0.1128515 0.1095316 0.0700376 0.0362674 0.0382202 0.0249502 0.0188262 0.0000000 0.0090042 0.0973783 0.0620321 0.0550649 0.9526117 1.0914795 
Arum_maculatum5             0.3980755 0.3458110 0.4872338 0.2027686 0.1373597 0.1377226 0.1034698 0.0951959 0.1007091 0.0748472 0.0386604 0.0456992 0.0198814 0.0109605 0.0090042 0.0000000 0.0817302 0.0533659 0.0425976 0.9715241 1.1250507 
Arum__maculatum             0.4043980 0.3724180 0.5690049 0.3902729 0.1242508 0.1255331 0.0607239 0.0535090 0.0852422 0.1583851 0.1481174 0.1620473 0.1006064 0.0680871 0.0973783 0.0817302 0.0000000 0.0688298 0.0277081 1.0376689 1.2350981 
Arum_concinnatum            0.4317314 0.3838043 0.6097275 0.3137805 0.1178853 0.1244235 0.0577249 0.0563528 0.0802109 0.1557341 0.1079024 0.1113838 0.0329862 0.0431125 0.0620321 0.0533659 0.0688298 0.0000000 0.0138742 1.0425914 1.2025935 
Arum_maculatum3             0.3776868 0.3722954 0.5055981 0.2408468 0.0946750 0.1014988 0.0639662 0.0552640 0.0574179 0.1554098 0.0972960 0.1070787 0.0340282 0.0329849 0.0550649 0.0425976 0.0277081 0.0138742 0.0000000 1.0190690 1.1779830 
Cycas__revoluta             0.9818643 0.9009992 0.9160508 0.9760576 1.0749541 1.0537372 0.9290860 0.9327827 1.0289784 0.8651145 0.9069447 0.8998515 0.9370236 0.9675078 0.9526117 0.9715241 1.0376689 1.0425914 1.0190690 0.0000000 0.5817386 
Cycas_revoluta              1.1359192 1.0215081 1.0738113 1.0584023 1.2125126 1.2027305 1.0701652 1.0492805 1.2061721 1.0268808 1.0725238 1.0725238 1.1346010 1.1374735 1.0914795 1.1250507 1.2350981 1.2025935 1.1779830 0.5817386 0.0000000 
